"","B cells","Dendritic cells","Endothelial cells","Macrophage-like GAMs","Microglia-like GAMs","Mural cells","NKT-like cells","Oligodendrocytes","T cells","Tumor cells","CGGA_ID"
"CGGA_1001",0,9.02,1.51,21.7,27.32,17.84,0.29,3.31,0,19.01,"CGGA_1001"
"CGGA_1007",0,0,28.01,8.81,3.13,6.19,0,8.51,0,45.36,"CGGA_1007"
"CGGA_1008",0,0,22.91,0,0.41,2.3,0,0,0,74.38,"CGGA_1008"
"CGGA_1011",0,2.58,11.62,16.52,24.48,10.06,0,3.47,0,31.28,"CGGA_1011"
"CGGA_1015",0,1.72,0,15.59,19.08,63.61,0,0,0,0,"CGGA_1015"
"CGGA_1019",0,0,13.26,16.44,12.76,6.71,0,16.96,0,33.87,"CGGA_1019"
"CGGA_1023",0,0,5.53,6.47,0,0.37,0,1.28,0,86.35,"CGGA_1023"
"CGGA_1024",0.02,0,21.22,8.31,12.01,4.24,0,2.32,0,51.88,"CGGA_1024"
"CGGA_1026",0.01,0,39.51,11.26,2.73,4.83,0,0,0,41.66,"CGGA_1026"
"CGGA_1035",0,0,0,32.69,8.54,40.59,0,0,0,18.18,"CGGA_1035"
"CGGA_1039",0,0,18.79,0,3.9,1,0,12.71,0,63.6,"CGGA_1039"
"CGGA_1045",0,0,17.06,17.26,12.57,20.75,0,0,1.23,31.12,"CGGA_1045"
"CGGA_1049",0,0,3.2,19.78,6.17,25.08,0,1.02,0,44.75,"CGGA_1049"
"CGGA_1053",0,1.35,19.63,9.15,13.7,3.52,0,26.63,0,26.01,"CGGA_1053"
"CGGA_1070",0,0.07,17.94,7,4.23,6.04,0,0.48,0,64.24,"CGGA_1070"
"CGGA_1072",0,0,15.08,0,16.2,0,0,1.49,0,67.24,"CGGA_1072"
"CGGA_1073",0,0,38.46,13.56,6.37,12.86,0,4.58,0,24.16,"CGGA_1073"
"CGGA_1074",0,1.27,14.09,16.78,19.54,6.37,0,5.86,0,36.09,"CGGA_1074"
"CGGA_1077",0,0,6.52,25.23,17.1,11.76,0,0.69,0,38.7,"CGGA_1077"
"CGGA_1078",0.02,1.22,10.14,17.23,19.28,0,0,6.56,0,45.56,"CGGA_1078"
"CGGA_1083",0,0.14,17.17,16.74,32.73,16.41,0,0,0,16.82,"CGGA_1083"
"CGGA_1091",0.01,0,11.4,12.36,4.66,2.7,0,0.89,0,67.98,"CGGA_1091"
"CGGA_1109",0,0,30.93,3.48,3.01,0,0,0.52,0,62.06,"CGGA_1109"
"CGGA_1114",0,0,0,30.4,7.73,39.68,0,0,0,22.18,"CGGA_1114"
"CGGA_1124",0,0.46,3.07,25.17,24.71,20.83,0,3.72,3.36,18.67,"CGGA_1124"
"CGGA_1139",0.01,1.63,12.01,16.96,0,3.58,0.61,5.93,0,59.28,"CGGA_1139"
"CGGA_1171",0,0,4.6,21.32,34.9,3.82,0,23.2,0,12.15,"CGGA_1171"
"CGGA_1177",0,0,12.03,38.54,7.67,40.29,1.48,0,0,0,"CGGA_1177"
"CGGA_1180",0.01,0,6.7,16.98,8.47,7.78,0,3.21,0,56.86,"CGGA_1180"
"CGGA_1214",0,0,16.43,9.59,4.89,1.75,0,2.42,0,64.91,"CGGA_1214"
"CGGA_1216",0,0.33,0.01,19.54,3.06,1.2,0,4.1,0,71.74,"CGGA_1216"
"CGGA_1224",0,0,0,18.35,43.15,25.64,0,0.95,0.59,11.32,"CGGA_1224"
"CGGA_1227",0,0,23.93,4.75,0,0,0,2.8,0,68.51,"CGGA_1227"
"CGGA_1234",0,0.81,16.11,16.85,14.86,12.11,0,24.73,0,14.52,"CGGA_1234"
"CGGA_1237",0,0,13.27,8.43,2.31,0,0,1.08,0,74.91,"CGGA_1237"
"CGGA_1240",0,0,8.31,23.46,16.68,34.24,0,1.69,0,15.63,"CGGA_1240"
"CGGA_1251",0,0,13.8,0,6.85,0,0,34.7,0,44.64,"CGGA_1251"
"CGGA_1258",0,0,10.48,13.05,8.75,1.4,0,5.62,0,60.69,"CGGA_1258"
"CGGA_1271",0,0,0,13.71,0.12,45.02,0,0.25,0,40.9,"CGGA_1271"
"CGGA_1275",0,0,25.78,15.07,4.45,20.01,0,8.4,2.33,23.96,"CGGA_1275"
"CGGA_1285",0,0.31,12.64,21.85,4.99,9.15,0,3.21,6.45,41.4,"CGGA_1285"
"CGGA_1299",0,0.33,8,12.3,0,10.6,0.66,1.41,0,66.69,"CGGA_1299"
"CGGA_1313",0,0,14.74,19.29,11.17,19.24,0,1.38,0,34.19,"CGGA_1313"
"CGGA_1320",0.01,0.93,0.14,12.65,0,0,0.54,0.85,0,84.88,"CGGA_1320"
"CGGA_1332",0,0,20.97,0,0,0.79,0,2.85,0,75.39,"CGGA_1332"
"CGGA_1338",0,0,0.26,22.87,2.64,35.19,0,5.02,0,34.02,"CGGA_1338"
"CGGA_1342",0,0,0,23.95,15.94,54.76,0.45,0,0,4.9,"CGGA_1342"
"CGGA_1343",0,0,13.82,6.75,3.85,5.93,0,0,0,69.66,"CGGA_1343"
"CGGA_1370",0,0,21.11,0,0,5.66,0,0,0,73.23,"CGGA_1370"
"CGGA_274",0,0,0,7.13,0,31.14,0,1.02,0,60.71,"CGGA_274"
"CGGA_413",0.01,0,9.56,16.02,15.26,3.56,0,3.76,0,51.81,"CGGA_413"
"CGGA_483",0,0,0,14.89,15.38,36.22,0,0,0,33.52,"CGGA_483"
"CGGA_494",0,0,10.05,13.01,0,0,0,72.61,0,4.33,"CGGA_494"
"CGGA_499",0.01,0,17.79,0.88,6.91,5.92,0,5.63,0,62.86,"CGGA_499"
"CGGA_525",0,0.69,2.06,19.06,23.83,36.3,0,2.56,0,15.48,"CGGA_525"
"CGGA_604",0,0,14.77,24.77,20.24,22.29,0,0.55,0,17.38,"CGGA_604"
"CGGA_624",0,0,15.06,22.11,15.84,14.72,0,2.71,0,29.56,"CGGA_624"
"CGGA_658",0,0,19.34,11.29,16.19,3.22,0,25.06,0,24.9,"CGGA_658"
"CGGA_669",0,0,15.09,6.83,0,0,0,57.14,0,20.94,"CGGA_669"
"CGGA_676",0,0,10.62,12.51,9.11,7.12,0,11.32,0,49.32,"CGGA_676"
"CGGA_679",0,0.92,13.29,14.25,12.45,5.74,0,24.01,0,29.33,"CGGA_679"
"CGGA_680",0.01,2,13.64,0,0,0,0,23.7,0,60.65,"CGGA_680"
"CGGA_731",0.01,0,1.93,16.5,21.74,21.47,0,2.94,0.52,34.89,"CGGA_731"
"CGGA_782",0,0.51,12.14,17.36,16.96,7.63,0,9.93,0,35.47,"CGGA_782"
"CGGA_789",0.01,0.35,4.74,18.82,21.68,12.27,0,25.75,0,16.39,"CGGA_789"
"CGGA_802",0,0,11.68,17.52,20.01,21.21,0,0,0,29.58,"CGGA_802"
"CGGA_804",0,0.44,0,15.41,8.67,0,0,75.48,0,0,"CGGA_804"
"CGGA_808",0.03,2.67,1.33,15.72,10.46,0,0,69.79,0,0,"CGGA_808"
"CGGA_837",0,0,12.19,15.76,7.04,0.84,0,2.91,0,61.27,"CGGA_837"
"CGGA_842",0.01,0,10.98,20.19,10.94,8.54,0,0.44,0,48.9,"CGGA_842"
"CGGA_848",0,0.61,14.71,11.29,8.27,13.05,0,0,0,52.08,"CGGA_848"
"CGGA_850",0.02,0,23.52,4.83,4.06,3.08,0,6.35,0,58.14,"CGGA_850"
"CGGA_859",0,0,5.9,28.19,15.23,27.51,0.97,0,0,22.2,"CGGA_859"
"CGGA_876",0,3.69,4.19,23.1,43.72,24.35,0,0.95,0,0,"CGGA_876"
"CGGA_878",0,0.07,28.31,3.12,0.33,3.87,0,0.09,0,64.21,"CGGA_878"
"CGGA_902",0,0,0.01,20.44,14.99,35.92,0,2.03,0,26.6,"CGGA_902"
"CGGA_D02",0,2.45,6.13,17.33,9.19,38.12,0,1.12,0,25.66,"CGGA_D02"
"CGGA_D03",0.06,0.16,13.05,16.11,7.28,10.04,0,0.2,0,53.12,"CGGA_D03"
"CGGA_D09",0,0,19.49,11.31,0,8.29,0,3.02,0,57.9,"CGGA_D09"
"CGGA_D26",0,0,0,19.2,3.52,41.87,0,0,0,35.41,"CGGA_D26"
"CGGA_D30",0,0,10.19,18.99,5.82,0.37,0,41.13,0,23.5,"CGGA_D30"
"CGGA_D32",0,0,10.49,15.82,0.66,33.11,0,0,0,39.92,"CGGA_D32"
"CGGA_D36",0,0,21,18.25,5.05,22.26,0,0,0,33.45,"CGGA_D36"
"CGGA_D37",0,1.19,4.69,22.13,13.99,50.76,0,0.99,0,6.24,"CGGA_D37"
"CGGA_D51",0,0,3.59,20.97,14.63,7.58,0,53.23,0,0,"CGGA_D51"
"CGGA_D57",0,4.39,29.43,13.46,0,8.95,0,9.9,0,33.88,"CGGA_D57"
"CGGA_1017",0.01,1.12,14.37,11.55,0,0,0,54.85,0,18.1,"CGGA_1017"
"CGGA_1036",0.03,0,1.72,21.4,6.95,10.81,0,11.01,0,48.07,"CGGA_1036"
"CGGA_1041",0.11,0,14.45,8.92,0,0,0,58.08,0,18.44,"CGGA_1041"
"CGGA_1075",0,0.4,6.22,18.79,1.65,6.94,0,0,0,66,"CGGA_1075"
"CGGA_1086",0,0.56,14.95,19.37,3.01,24.52,0,6.54,0,31.05,"CGGA_1086"
"CGGA_1106",0,0,8.42,18.04,10.91,14.66,0,0.07,0,47.9,"CGGA_1106"
"CGGA_1134",0,0,13.35,19.03,11.03,19.82,0,0,0,36.77,"CGGA_1134"
"CGGA_1135",0,0,20.19,17.13,0,2.52,1.12,0.19,0,58.85,"CGGA_1135"
"CGGA_1138",0,0,1.65,0,0,0,0.34,10.33,0,87.67,"CGGA_1138"
"CGGA_1142",0,0,15.04,7.57,0,1.7,0.55,3.17,0,71.96,"CGGA_1142"
"CGGA_120",0.01,0,17.56,12.74,0,5.12,0,4.2,0,60.36,"CGGA_120"
"CGGA_1208",0,0,0.26,28.81,11.28,29.36,0,0,0.82,29.47,"CGGA_1208"
"CGGA_1236",0,0,1.09,14.74,0,0.15,0,84.03,0,0,"CGGA_1236"
"CGGA_1248",0,0,11.02,16.24,1.98,0.63,0,19.4,0,50.72,"CGGA_1248"
"CGGA_1255",0,0,0,24.66,0,68.55,0,0,1.4,5.39,"CGGA_1255"
"CGGA_1257",0.01,2.33,11.55,12.7,0,0.82,0,58.72,0,13.87,"CGGA_1257"
"CGGA_1260",0,0,0,18.13,0,2.09,0.21,31.02,0,48.55,"CGGA_1260"
"CGGA_1262",0.02,0,0,23.5,0,70.86,0,0,0,5.62,"CGGA_1262"
"CGGA_1282",0.03,0,7.39,0,0,0,0,0,0,92.58,"CGGA_1282"
"CGGA_1325",0.02,0,31.44,9.73,0,0.61,0,34.6,0,23.59,"CGGA_1325"
"CGGA_1353",0,0.56,7.04,0,1.54,14.65,0,0,0,76.21,"CGGA_1353"
"CGGA_1354",0,0,24.77,4.35,1.21,2.05,0,0,0,67.62,"CGGA_1354"
"CGGA_1365",0,0,7.36,25.08,3.59,25.98,2.27,0,0,35.73,"CGGA_1365"
"CGGA_1371",0.01,0.69,10.9,18.3,0,1.8,0,1.75,0,66.55,"CGGA_1371"
"CGGA_1378",0.06,0,21.25,9.44,0,0.45,0.07,32.79,0,35.94,"CGGA_1378"
"CGGA_1380",0,0,5.86,17.64,0,0.76,0,75.44,0,0.3,"CGGA_1380"
"CGGA_1382",0,2.68,11.31,11.3,0,0.81,0,10.83,0,63.05,"CGGA_1382"
"CGGA_1387",0,0,16.95,0,2.07,2.18,0,0.31,0,78.48,"CGGA_1387"
"CGGA_1391",0.03,0,5.3,17.43,0,0.22,0.47,3.79,0,72.76,"CGGA_1391"
"CGGA_1392",0.02,0.05,0,24.13,0,1.11,0,4.87,0,69.81,"CGGA_1392"
"CGGA_1402",0.01,0,0.68,22.72,14.03,30.87,0,0.21,0,31.49,"CGGA_1402"
"CGGA_1403",0.08,0,23.04,3.67,1.38,2.47,0,8.62,0,60.73,"CGGA_1403"
"CGGA_1410",0,0,9.67,0,9.29,0,0,23.04,0,58,"CGGA_1410"
"CGGA_1415",0,0,5.75,24.46,30.34,9.54,0,14.89,0,15.03,"CGGA_1415"
"CGGA_1418",0,0,11.5,18.48,0,0.99,0,10.76,0,58.27,"CGGA_1418"
"CGGA_1419",0,0,9.62,8.01,0,0.05,0,36.83,0,45.49,"CGGA_1419"
"CGGA_1420",0.01,1.54,3.95,17.69,0,0,0,31.3,0,45.51,"CGGA_1420"
"CGGA_1422",0.02,0,14.73,14.58,1.74,9.21,0,6.5,2.44,50.79,"CGGA_1422"
"CGGA_1425",0,0,8.47,0,0,0.15,0,3.07,0,88.32,"CGGA_1425"
"CGGA_1426",0,0.93,13.96,10.3,4.62,2.97,0,2.69,0,64.53,"CGGA_1426"
"CGGA_1433",0,0,14.33,15.87,9.03,0,0.34,0,0,60.43,"CGGA_1433"
"CGGA_1441",0,0,5.69,25.48,4.86,31.38,0,1.08,0,31.51,"CGGA_1441"
"CGGA_1444",0,0,12.3,0,7.59,0,0,25.42,0,54.68,"CGGA_1444"
"CGGA_1451",0,0,5.05,19.58,0,16.04,0,0.61,0,58.72,"CGGA_1451"
"CGGA_1452",0,0,0.44,20.47,7.38,6.07,0.25,2.61,0,62.8,"CGGA_1452"
"CGGA_1457",0,10.15,4.34,11.12,10.25,3.52,0,2.77,0,57.85,"CGGA_1457"
"CGGA_1461",0.01,0,15.17,5.62,1.76,1.1,0.77,0,0,75.57,"CGGA_1461"
"CGGA_1462",0,0,13.83,14.41,14.57,4.99,0,4.24,0,47.96,"CGGA_1462"
"CGGA_1476",0,0.65,1.37,17.16,0,0,0,3.7,0,77.11,"CGGA_1476"
"CGGA_1478",0,0,17.31,0,0,0,0.69,0.42,0,81.58,"CGGA_1478"
"CGGA_1480",0,0,1.78,20.61,12.9,6.41,0,36.99,0.73,20.58,"CGGA_1480"
"CGGA_1481",0,0,17.51,18.57,5.16,10.91,0,27.01,0,20.84,"CGGA_1481"
"CGGA_1486",0,0,28.53,16.52,0.46,29.18,0,0.35,0,24.97,"CGGA_1486"
"CGGA_1492",0,0,10.61,13.82,12.16,12.46,0,12.31,0,38.64,"CGGA_1492"
"CGGA_1494",0,0,26.18,14.49,0,4.74,0,14.94,0,39.65,"CGGA_1494"
"CGGA_1498",0,0,7.91,27.83,0,15.56,0,12.36,0,36.34,"CGGA_1498"
"CGGA_1500",0.22,0,11.06,15.85,2.94,1.11,0.14,29.17,0,39.5,"CGGA_1500"
"CGGA_1503",0,0,33.76,30,0,28.14,0,0,3.98,4.12,"CGGA_1503"
"CGGA_1507",0,1.05,0.04,24.3,0,29.27,0,17.06,0,28.29,"CGGA_1507"
"CGGA_1520",0,0.96,7.72,18.35,0,0.52,0,4.75,0,67.7,"CGGA_1520"
"CGGA_1521",0.03,0.88,7.85,17.54,0,1.23,0,1.06,0,71.43,"CGGA_1521"
"CGGA_1529",0.1,0,16.66,9.04,0,0,0,5.65,0,68.55,"CGGA_1529"
"CGGA_1537",0,0,11.23,14.62,0,9.39,0,0.96,0,63.8,"CGGA_1537"
"CGGA_1538",0,0,8.63,16.71,0,4.59,0,0,0,70.07,"CGGA_1538"
"CGGA_1541",0.03,0,6.56,15.44,0,0.48,0.68,22.56,0,54.26,"CGGA_1541"
"CGGA_1546",0,0,0,34.41,1.76,34.26,1.17,0.38,0,28.03,"CGGA_1546"
"CGGA_1548",0,0.16,8.97,18.6,0.02,3.53,0,4.79,0,63.93,"CGGA_1548"
"CGGA_1558",0,4.01,10.61,15.03,0,4.9,0,8.13,0,57.32,"CGGA_1558"
"CGGA_1564",0,0,1.71,8.95,2.97,0,0,5.02,0,81.34,"CGGA_1564"
"CGGA_1572",0,0,2.26,25.5,0,0.63,0,40.35,0,31.25,"CGGA_1572"
"CGGA_1586",0,0,5.04,19.63,13.33,14.78,0,1.37,0,45.85,"CGGA_1586"
"CGGA_1596",0,0,6.56,17.09,0,0,0,24.73,0,51.61,"CGGA_1596"
"CGGA_1597",0.01,0,5.81,22.14,12.73,3.09,0,17.4,0,38.82,"CGGA_1597"
"CGGA_1601",0,0,7.62,17.02,15.59,4.08,0,3.01,0,52.68,"CGGA_1601"
"CGGA_1603",0,1.92,0,24.22,0,34.63,0,0.01,0,39.22,"CGGA_1603"
"CGGA_1605",0.04,1.93,9.06,14.25,0,0,0,33.49,0,41.23,"CGGA_1605"
"CGGA_1612",0.01,0,10.58,21.78,13.57,11.67,0,10.07,1.38,30.94,"CGGA_1612"
"CGGA_1613",0,0,3.62,26.7,30.45,4.79,0,10.39,0,24.05,"CGGA_1613"
"CGGA_1615",0.11,1.37,0,22.67,0,0,0,6.58,0,69.28,"CGGA_1615"
"CGGA_1626",0,0,2.56,19.14,23.58,4.02,0,12.59,0,38.11,"CGGA_1626"
"CGGA_1631",0,0,7.39,18.16,0,1.47,0,3.64,0,69.34,"CGGA_1631"
"CGGA_1634",0,2.62,11.87,18.37,0.36,3.86,1.53,0,0,61.39,"CGGA_1634"
"CGGA_1635",0.03,0,3.93,15.19,0,0,0,80.84,0,0,"CGGA_1635"
"CGGA_1641",0.01,0,0.05,16.05,7.22,1.46,0.47,7.46,0,67.29,"CGGA_1641"
"CGGA_1644",0,0,11.18,20.88,0,5.44,0,5.4,0,57.09,"CGGA_1644"
"CGGA_1654",0.02,0,0,16.52,0,0,0,1.19,0,82.27,"CGGA_1654"
"CGGA_1656",0.01,0,14.38,7.77,0,0,0.24,0.02,0,77.58,"CGGA_1656"
"CGGA_1658",0.02,0.85,0.72,22.01,17.4,3.91,0,55.1,0,0,"CGGA_1658"
"CGGA_1659",0,1.15,16.23,12.29,17.66,5.95,0,7.66,1.01,38.07,"CGGA_1659"
"CGGA_1663",0,0.11,0.33,22.2,19.26,3.06,0,54.16,0,0.89,"CGGA_1663"
"CGGA_1666",0,0,27.4,23.43,0,9.56,0,1.37,0,38.24,"CGGA_1666"
"CGGA_1678",0.05,0,18.49,17.72,2.29,10.78,0.03,0,0,50.63,"CGGA_1678"
"CGGA_1681",0,0,5.68,20.64,4.73,0,0,19.47,0,49.49,"CGGA_1681"
"CGGA_1682",0,0,14.24,13.52,13.17,0.78,0,39.54,0,18.75,"CGGA_1682"
"CGGA_1684",0,0,4.29,22.6,19.36,3.27,0.08,24.1,0,26.3,"CGGA_1684"
"CGGA_1687",0,0,16.89,16.94,15.56,15.56,0,0,0,35.04,"CGGA_1687"
"CGGA_1690",0,0,13.12,11.98,14.3,2.68,0.8,6.34,0,50.79,"CGGA_1690"
"CGGA_1694",0.01,0,1.38,21.24,0,1.24,0,8.1,0,68.04,"CGGA_1694"
"CGGA_1697",0.06,0,0.32,17.49,0,0,0,20.04,0,62.08,"CGGA_1697"
"CGGA_1698",0,0,8.67,16.85,12.22,4.04,0,9.63,0,48.58,"CGGA_1698"
"CGGA_1702",0,0,16.82,1.51,0.06,3.25,0,2.45,0,75.91,"CGGA_1702"
"CGGA_1706",0,0,0,34.9,13.63,49.98,0,0,0,1.48,"CGGA_1706"
"CGGA_1708",0,0,3.26,27.05,0,6.72,0,0,0,62.98,"CGGA_1708"
"CGGA_1709",0.01,0,16.41,4.95,11.01,0.52,0,2.44,0,64.66,"CGGA_1709"
"CGGA_1713",0,0,19.33,0,0.36,0.71,0.04,2.29,0,77.27,"CGGA_1713"
"CGGA_1722",0,0,21.83,21.71,5.23,8.04,0,0.39,0,42.8,"CGGA_1722"
"CGGA_1729",0.01,0,3.92,17.17,0,2.17,0,21.91,0,54.82,"CGGA_1729"
"CGGA_1735",0.03,0,10.14,0,0,0,0,49.11,0,40.72,"CGGA_1735"
"CGGA_1736",0,0,13.02,16.78,5.96,3.41,0,1.32,0,59.52,"CGGA_1736"
"CGGA_1740",0.05,0,1.68,0,0,0,0.79,11.89,0,85.59,"CGGA_1740"
"CGGA_1749",0,0,13.98,0,7.11,0,0.4,11.56,0,66.94,"CGGA_1749"
"CGGA_1750",0.01,0.03,5.58,15.62,0,0,0,54.11,0,24.65,"CGGA_1750"
"CGGA_1758",0.04,0,13.5,0,0.33,0.23,0,0.67,0,85.22,"CGGA_1758"
"CGGA_1767",0,0,19.87,17.32,0,19.8,0,0,1.67,41.33,"CGGA_1767"
"CGGA_1769",0.06,0.45,7.21,11.47,0,0,0,74.69,0,6.12,"CGGA_1769"
"CGGA_1773",0,0,13.42,13.53,10.74,6.11,0,2.97,0,53.23,"CGGA_1773"
"CGGA_1776",0,2.05,5.09,9.58,0,3.86,0,22.28,0,57.13,"CGGA_1776"
"CGGA_1780",0,0,36.89,17.47,0,3.14,0,0,0,42.5,"CGGA_1780"
"CGGA_1807",0.01,0,11.57,0,2.06,1.45,0,7.05,0,77.86,"CGGA_1807"
"CGGA_1811",0,0.1,1.48,21.81,8.36,4.52,0,62.7,0,1.04,"CGGA_1811"
"CGGA_1812",0,0,7.21,12.19,7.38,2.72,0.5,3.11,0,66.89,"CGGA_1812"
"CGGA_1814",0,0,23.26,12.63,7.25,7.58,0,3.47,0.18,45.63,"CGGA_1814"
"CGGA_1815",0.01,0,9.09,13.87,0,1.37,0,8.69,0,66.96,"CGGA_1815"
"CGGA_1817",0.01,0,8.45,18.98,0.43,0,0,7.83,0,64.3,"CGGA_1817"
"CGGA_1819",0,0,22.22,5.8,0,7.47,0,7.68,0,56.83,"CGGA_1819"
"CGGA_1820",0,0,9.64,7.59,0.57,0.53,0,19.23,0,62.44,"CGGA_1820"
"CGGA_1826",0.02,1.73,18.37,12.34,0.83,0,0,6.57,0,60.14,"CGGA_1826"
"CGGA_1833",0,0,23.58,4.87,3.42,2.06,0,0.21,0,65.87,"CGGA_1833"
"CGGA_1857",0.01,0.08,1.69,20.88,27.36,4.05,0,16.72,0,29.21,"CGGA_1857"
"CGGA_1865",0,0,4.6,19.82,0,0,0,22.58,0,52.99,"CGGA_1865"
"CGGA_1866",0.01,0,4.57,11.3,0,0.83,0.47,3.8,0,79.02,"CGGA_1866"
"CGGA_1886",0.02,0,9.98,10.08,0,0,0,2.01,0,77.91,"CGGA_1886"
"CGGA_1899",0,2.38,2.09,19.38,0,0.27,0,4.53,0,71.35,"CGGA_1899"
"CGGA_1901",0,0,0,24.34,4.52,22.45,0,1.11,0,47.58,"CGGA_1901"
"CGGA_1908",0,0.53,22.88,8.22,0.66,0.17,0,4.88,0,62.65,"CGGA_1908"
"CGGA_1911",0,0,12.1,6.28,0,9.88,0,58.2,0.99,12.56,"CGGA_1911"
"CGGA_1946",0,0,12.66,16.32,7.31,18.85,0,0,0,44.86,"CGGA_1946"
"CGGA_1953",0,0,12.39,16.58,7.07,0.19,0,1.98,0,61.78,"CGGA_1953"
"CGGA_1972",0,0,8.73,17.05,10.15,14.29,0,0.37,0,49.41,"CGGA_1972"
"CGGA_1976",0,0,0,19.94,6.34,72.87,0.85,0,0,0,"CGGA_1976"
"CGGA_2008",0.01,0.81,4.46,18.7,0,4.84,0,71.17,0,0,"CGGA_2008"
"CGGA_2024",0,0,11.52,9.58,0,0,0,54.9,0,24,"CGGA_2024"
"CGGA_2039",0,1.97,1.8,16.86,0,0,0,62.81,0,16.56,"CGGA_2039"
"CGGA_2047",0,1.77,7.18,16.31,13.95,0,0,21.33,0,39.46,"CGGA_2047"
"CGGA_2053",0,0,5.87,15.86,0,0,0,58.87,0,19.41,"CGGA_2053"
"CGGA_2075",0,0.01,2.12,22.41,12.14,28.38,0,0,0,34.94,"CGGA_2075"
"CGGA_2078",0,0.45,4.84,16.63,6.5,9.87,0,50.56,0,11.16,"CGGA_2078"
"CGGA_2082",0,0,7.8,17.14,14.77,2.48,0,52.2,0,5.61,"CGGA_2082"
"CGGA_2088",0,0.14,17.87,19.9,7.47,13.75,0,14.43,0,26.45,"CGGA_2088"
"CGGA_2115",0.03,3.02,3.28,7.03,0,0,0,8.83,0,77.81,"CGGA_2115"
"CGGA_487",0,0,10.93,12.24,7.93,4.49,0,46.19,0,18.23,"CGGA_487"
"CGGA_509",0,0,10.64,8.57,0,0.8,0,3.46,0,76.53,"CGGA_509"
"CGGA_530",0,0,11.56,14.55,8.71,2.34,0,24.86,0,37.98,"CGGA_530"
"CGGA_568",0.01,0,5.69,21.45,0,0.79,1.4,40.57,0,30.1,"CGGA_568"
"CGGA_777",0,0,16.74,16.2,14.41,17.08,0,13.31,0,22.27,"CGGA_777"
"CGGA_831",0,0,9.87,13.68,3.53,14.88,0,10.29,0,47.75,"CGGA_831"
"CGGA_869",0.01,0,0,53.77,0,44.9,0,1.32,0,0,"CGGA_869"
"CGGA_D53",0,0,10.5,0,0,2.41,0,0.39,0,86.7,"CGGA_D53"
"CGGA_P100",0,0,9.88,13.9,3.77,1.14,0,2.6,0,68.72,"CGGA_P100"
"CGGA_P106",0,0,17.42,0,11.34,1.71,0,7.65,0,61.88,"CGGA_P106"
"CGGA_P112",0.04,0,12.41,11.64,0,0,0,60.59,0,15.33,"CGGA_P112"
"CGGA_P116",0,0,9.53,13.85,0,10.97,0,8.61,0,57.04,"CGGA_P116"
"CGGA_P136",0.04,1.12,9.85,14.09,0,4.34,0,2.14,0,68.41,"CGGA_P136"
"CGGA_P143",0,0,12.29,19.72,15.02,23.91,0.54,0,0.4,28.11,"CGGA_P143"
"CGGA_P160",0,0,10.55,17.14,23.03,9.75,0,15.02,0,24.51,"CGGA_P160"
"CGGA_P164",0,1.11,37.92,13.31,8.43,6.82,0,0,0,32.41,"CGGA_P164"
"CGGA_P175",0,0,14.45,23.54,0,3.36,0,41.06,0.36,17.23,"CGGA_P175"
"CGGA_P178",0,0,8.79,20.58,0,14.21,0,23.35,0,33.07,"CGGA_P178"
"CGGA_P182",0,0.47,0,19.96,22.87,31.97,0,14.38,0.14,10.21,"CGGA_P182"
"CGGA_P199",0,0,4.82,11.42,9.37,1.71,0,0,0,72.69,"CGGA_P199"
"CGGA_P205",0,0,19.46,18.22,3.42,3.03,0,4.77,0,51.09,"CGGA_P205"
"CGGA_P22",0.01,0,10.47,14.78,1.37,0,0,5.71,0,67.66,"CGGA_P22"
"CGGA_P28",0.01,0,10.61,16.61,8.93,3.64,0,31.5,0,28.7,"CGGA_P28"
"CGGA_P280",0.02,2.11,7.07,17.02,0,0,0,51.12,0,22.67,"CGGA_P280"
"CGGA_P283",0.01,0,12.59,0,0,0.36,0,2.61,0,84.44,"CGGA_P283"
"CGGA_P295",0.04,0,4.11,17.79,0,0.08,0,21.16,0,56.82,"CGGA_P295"
"CGGA_P385",0.03,0.68,20.16,15.46,0.21,0,0,15.15,0,48.3,"CGGA_P385"
"CGGA_P415",0,0,0.14,19.05,25.1,6.06,1.24,43.95,0,4.45,"CGGA_P415"
"CGGA_P499",0,1.68,2.64,17.86,6.18,3.64,0,68,0,0,"CGGA_P499"
"CGGA_P512",0,0,30.75,0,7.13,1.96,0,5.45,0,54.72,"CGGA_P512"
"CGGA_P585",0,0,5.8,16.13,15.05,8.7,0,3.61,0.35,50.36,"CGGA_P585"
"CGGA_P609",0,0,9.72,4.53,0,0,0,2.02,0,83.73,"CGGA_P609"
"CGGA_P610",0,0,5.79,18.28,5.43,3.41,0,36.69,0,30.4,"CGGA_P610"
"CGGA_P619",0,1.67,4.8,18.2,6.46,1.79,0,65.02,0,2.05,"CGGA_P619"
"CGGA_P7",0,0,0,24.53,25.15,48.99,1.34,0,0,0,"CGGA_P7"
"CGGA_P89",0,0,5.62,14.55,20.35,26.04,0,3.07,2.37,28,"CGGA_P89"
"CGGA_1270",0,0,2.37,21.63,9.91,8.57,0,45.64,0,11.88,"CGGA_1270"
"CGGA_D35",0,0,11.82,18.71,21.61,27.73,0,3.56,0,16.58,"CGGA_D35"
"CGGA_1643",0.01,0,6.78,0,5.22,4.17,0,2.94,0,80.87,"CGGA_1643"
"CGGA_1840",0,0,15.95,4.55,0,1.8,0,31.15,0,46.55,"CGGA_1840"
"CGGA_P25",0,0,0.04,26.4,4.16,43.95,0,0,3.71,21.75,"CGGA_P25"
